     0/299    0.856G    0.0885    0.0366         0    0.1251         1       640  0.004231    0.2325  0.001768 0.0002431   0.06825   0.03355         0
     1/299    0.856G   0.07282   0.04163         0    0.1145         6       640   0.01496     0.135  0.008263  0.001289   0.06043   0.03174         0
     2/299    0.856G     0.066    0.0373         0    0.1033         9       640    0.1961    0.3359    0.1489   0.02752   0.04927   0.03164         0
     3/299    0.856G   0.06237   0.03637         0   0.09875         2       640    0.3793    0.4775    0.3833    0.1084     0.044   0.03016         0
     4/299    0.856G   0.05677   0.03384         0   0.09061         5       640    0.5476    0.6052    0.5002    0.1329   0.04273   0.02383         0
     5/299    0.856G   0.05358   0.03316         0   0.08673         8       640    0.5788    0.6287    0.5811    0.1778   0.04055   0.02379         0
     6/299    0.856G   0.05212   0.03165         0   0.08377         2       640    0.7164    0.7425    0.7078     0.238   0.03816   0.02402         0
     7/299    0.856G   0.04828   0.03026         0   0.07854         7       640     0.712    0.7475    0.7103    0.2508   0.04139   0.01768         0
     8/299    0.856G   0.04564   0.02816         0    0.0738         3       640    0.8094    0.7644    0.7894    0.3069   0.03517   0.01918         0
     9/299    0.856G    0.0449    0.0279         0    0.0728         2       640    0.7935     0.745    0.7756    0.3098    0.0349   0.01695         0
    10/299    0.856G   0.04404   0.02711         0   0.07115         6       640    0.8097    0.7767    0.7986    0.3468   0.03334    0.0166         0
    11/299    0.856G   0.04191   0.02596         0   0.06788         4       640    0.7486    0.7525    0.7526    0.2461   0.03563   0.01811         0
    12/299    0.856G   0.04141   0.02538         0   0.06679         4       640    0.8276     0.785    0.8013    0.3309   0.03404    0.0164         0
    13/299    0.856G   0.03981   0.02522         0   0.06503         3       640    0.8217    0.8125     0.839    0.3182   0.03343   0.01486         0
    14/299    0.856G   0.03836   0.02423         0    0.0626        10       640    0.7798    0.8147    0.8121    0.2984   0.03409   0.01636         0
    15/299    0.856G   0.03885   0.02413         0   0.06299         1       640    0.7831      0.84    0.8383     0.313   0.03419   0.01436         0
    16/299    0.856G   0.03692   0.02398         0    0.0609         8       640    0.8866    0.8025    0.8677    0.3787    0.0312   0.01411         0
    17/299    0.856G   0.03825   0.02413         0   0.06237         2       640    0.8741    0.7875    0.8399    0.4022   0.02962   0.01623         0
    18/299    0.856G   0.03687   0.02386         0   0.06073         7       640    0.8534    0.8025    0.8475    0.3929   0.02997   0.01377         0
    19/299    0.856G   0.03491   0.02309         0   0.05799         3       640    0.8019      0.85    0.8498    0.4005   0.02903   0.01516         0
    20/299    0.856G   0.03544   0.02263         0   0.05807         4       640    0.8523    0.8224    0.8611    0.4122   0.02982   0.01402         0
    21/299    0.856G    0.0342   0.02263         0   0.05683         5       640    0.8212    0.9075    0.8887    0.4155   0.02971   0.01324         0
    22/299    0.856G   0.03455   0.02242         0   0.05696         5       640    0.8133    0.9075    0.8969    0.4278   0.02874   0.01369         0
    23/299    0.856G   0.03428   0.02318         0   0.05746         4       640    0.8205    0.8925    0.8886    0.4539   0.02858   0.01394         0
    24/299    0.856G   0.03417   0.02226         0   0.05643         5       640    0.8767    0.8975    0.8943    0.4598    0.0273   0.01424         0
    25/299    0.856G   0.03245   0.02217         0   0.05462         6       640    0.8161    0.9099    0.8931    0.4485   0.02763   0.01425         0
    26/299    0.856G   0.03249   0.02237         0   0.05486         4       640    0.7453    0.6325    0.6508    0.1994   0.04183   0.02174         0
    27/299    0.856G   0.03354    0.0219         0   0.05544         5       640    0.8333    0.8997    0.8836    0.4373   0.02775   0.01351         0
    28/299    0.856G   0.03317   0.02131         0   0.05448         1       640    0.8511    0.9025    0.9002    0.4501   0.02804   0.01246         0
    29/299    0.856G   0.03284   0.02256         0    0.0554         3       640    0.8702     0.905    0.9142    0.4493   0.02759   0.01241         0
    30/299    0.856G   0.03242   0.02127         0   0.05369         4       640    0.8537    0.9047     0.904    0.4658   0.02719   0.01299         0
    31/299    0.856G   0.03217   0.02146         0   0.05362         2       640    0.8801       0.9    0.9162    0.4544   0.02701    0.0123         0
    32/299    0.856G   0.03148   0.02175         0   0.05322         1       640    0.8605    0.9275     0.911    0.4514   0.02709   0.01258         0
    33/299    0.856G   0.03188   0.02215         0   0.05402         2       640    0.8508    0.9125     0.906    0.4595   0.02665   0.01257         0
    34/299    0.856G   0.03129   0.02097         0   0.05226         3       640    0.8639    0.9043    0.9125    0.4473   0.02732   0.01251         0
    35/299    0.856G   0.03127   0.02139         0   0.05266        10       640    0.8634    0.9025    0.9151      0.47   0.02677   0.01252         0
    36/299    0.856G   0.03097   0.02046         0   0.05143         3       640    0.8499      0.92     0.928    0.4918   0.02579   0.01219         0
    37/299    0.856G   0.03245   0.02087         0   0.05332         6       640    0.8669    0.9119    0.9169    0.4907   0.02586   0.01203         0
    38/299    0.856G   0.03084   0.02034         0   0.05119         3       640    0.8644      0.91    0.9161    0.4921    0.0259    0.0125         0
    39/299    0.856G   0.02982   0.02033         0   0.05015         4       640    0.8716      0.91    0.9333    0.4875   0.02637   0.01207         0
    40/299    0.856G   0.03088   0.02051         0   0.05138         5       640    0.8591    0.9149    0.9228    0.4771   0.02695   0.01188         0
    41/299    0.856G   0.03019   0.02075         0   0.05094         8       640    0.8868    0.8825    0.9212    0.5003   0.02544    0.0117         0
    42/299    0.856G   0.02997   0.02006         0   0.05003         8       640    0.8789    0.9075    0.9181    0.4924   0.02634   0.01214         0
    43/299    0.856G   0.02993   0.02025         0   0.05018         2       640    0.8237    0.8524    0.9039    0.4792   0.02608    0.0131         0
    44/299    0.856G   0.02966   0.02017         0   0.04983         9       640    0.8554    0.9175    0.9165     0.481   0.02647   0.01245         0
    45/299    0.856G   0.03076   0.02046         0   0.05122         4       640    0.8651    0.9297    0.9198    0.4821   0.02599   0.01199         0
    46/299    0.856G   0.02936   0.02082         0   0.05018         6       640    0.8712     0.915     0.927    0.4962   0.02534   0.01214         0
    47/299    0.856G   0.02912   0.02039         0   0.04951         2       640    0.8695    0.9325    0.9324    0.5089    0.0249   0.01167         0
    48/299    0.856G   0.02995   0.01991         0   0.04986         8       640    0.8846    0.8625    0.9185    0.4789   0.02602   0.01213         0
    49/299    0.856G   0.02954   0.02017         0   0.04971         6       640    0.8914    0.8623    0.9096    0.4933   0.02553   0.01235         0
    50/299    0.856G   0.02961   0.01991         0   0.04953         4       640    0.8785     0.905    0.9206    0.4963   0.02525   0.01241         0
    51/299    0.856G   0.02912   0.02022         0   0.04934        13       640    0.8571     0.915     0.929     0.501     0.025   0.01188         0
    52/299    0.856G   0.02795   0.01946         0   0.04742         7       640    0.8645      0.91    0.9318    0.4912   0.02592   0.01185         0
    53/299    0.856G   0.03001   0.02095         0   0.05096         3       640    0.8813    0.9097    0.9219    0.5092    0.0251   0.01158         0
    54/299    0.856G   0.02892   0.01968         0   0.04859         5       640    0.8839     0.895    0.9276    0.4959   0.02511   0.01175         0
    55/299    0.856G   0.02879   0.01955         0   0.04835         5       640    0.9002    0.9025    0.9283    0.5123    0.0254   0.01172         0
    56/299    0.856G   0.02837   0.01939         0   0.04776         1       640    0.8803      0.92    0.9224    0.5084   0.02572    0.0121         0
    57/299    0.856G   0.02863   0.01967         0    0.0483         2       640    0.7672    0.8898    0.8045    0.4389   0.02474   0.01283         0
    58/299    0.856G   0.02909   0.01993         0   0.04901         3       640    0.8943      0.89    0.9355    0.5125   0.02466   0.01179         0
    59/299    0.856G   0.02828    0.0199         0   0.04818         5       640    0.8646    0.9125    0.9311    0.5109     0.025   0.01159         0
    60/299    0.856G   0.02799   0.01905         0   0.04703         4       640    0.8819    0.9175    0.9374    0.5213    0.0248   0.01146         0
    61/299    0.856G   0.02851   0.02009         0   0.04859         4       640    0.8686    0.8924    0.9279    0.5216   0.02447   0.01151         0
    62/299    0.856G   0.02936   0.02002         0   0.04937         6       640     0.878     0.905    0.9403     0.522   0.02462   0.01171         0
    63/299    0.856G   0.02844   0.01981         0   0.04825         6       640    0.8599    0.8925    0.9116    0.4996    0.0249    0.0123         0
    64/299    0.856G   0.02947   0.01963         0    0.0491         4       640     0.882    0.8973    0.9263    0.5158   0.02478   0.01173         0
    65/299    0.856G   0.02694   0.01906         0     0.046         3       640    0.8691      0.93    0.9392    0.5093   0.02474   0.01149         0
    66/299    0.856G   0.02778   0.01935         0   0.04713         3       640    0.9022    0.8998    0.9281    0.5091   0.02526   0.01215         0
    67/299    0.856G   0.02697   0.01953         0    0.0465         3       640    0.9017    0.9173    0.9334    0.5172   0.02452   0.01154         0
    68/299    0.856G   0.02739   0.01922         0   0.04661         3       640    0.8295    0.9125    0.9116    0.5159   0.02406   0.01196         0
    69/299    0.856G   0.02694   0.01928         0   0.04622         3       640      0.87     0.905    0.9263    0.4907   0.02611   0.01232         0
    70/299    0.856G   0.02896   0.02023         0   0.04919         3       640    0.8755     0.915    0.9359    0.5155    0.0247   0.01172         0
    71/299    0.856G   0.02684   0.01812         0   0.04496         2       640    0.8738    0.9173    0.9442    0.5228   0.02478   0.01145         0
    72/299    0.856G   0.02805   0.01947         0   0.04752         2       640    0.8729    0.9275    0.9346    0.5236   0.02458   0.01166         0
    73/299    0.856G   0.02793   0.01985         0   0.04778         4       640    0.8593    0.8725    0.9096     0.481   0.02585   0.01324         0
    74/299    0.856G   0.02787   0.01925         0   0.04712         9       640    0.8822     0.905    0.9355    0.5212   0.02406   0.01162         0
    75/299    0.856G   0.02742   0.01931         0   0.04673         4       640    0.8108    0.9125    0.8502    0.4789   0.02391   0.01169         0
    76/299    0.856G   0.02747   0.01914         0   0.04661         7       640    0.8412      0.89    0.8858    0.4873   0.02467   0.01184         0
    77/299    0.856G   0.02694   0.01885         0   0.04579         6       640    0.8891    0.9018    0.9406    0.5271   0.02431   0.01175         0
    78/299    0.856G    0.0277   0.01879         0   0.04649         8       640    0.8902    0.9124    0.9394    0.5295   0.02383   0.01125         0
    79/299    0.856G   0.02783   0.01964         0   0.04748         1       640     0.918    0.8962    0.9366    0.5275   0.02465    0.0118         0
    80/299    0.856G   0.02744   0.01945         0   0.04689         3       640    0.9015    0.9149    0.9333    0.5216   0.02506   0.01158         0
    81/299    0.856G   0.02757   0.01926         0   0.04683         2       640    0.8949    0.9149    0.9442    0.5293   0.02426   0.01127         0
    82/299    0.856G   0.02734   0.01857         0   0.04591         9       640    0.8857      0.93    0.9367    0.5328   0.02364   0.01114         0
    83/299    0.856G   0.02759   0.01926         0   0.04685         3       640     0.868    0.9375    0.9335    0.5307   0.02407   0.01136         0
    84/299    0.856G   0.02697   0.01833         0    0.0453         1       640    0.8673     0.915    0.9269     0.511   0.02456   0.01206         0
    85/299    0.856G   0.02688   0.01913         0   0.04601         5       640    0.9218     0.885    0.9422    0.5281   0.02381   0.01162         0
    86/299    0.856G   0.02688   0.01832         0   0.04519         1       640    0.9156    0.8975    0.9381    0.5241   0.02415   0.01159         0
    87/299    0.856G   0.02737   0.01936         0   0.04673         4       640    0.8896    0.9075    0.9406    0.5298   0.02368   0.01167         0
    88/299    0.856G   0.02655    0.0186         0   0.04515         8       640    0.9276    0.8964    0.9453    0.5421   0.02376   0.01151         0
    89/299    0.856G   0.02648   0.01913         0   0.04561         6       640    0.9333    0.9099    0.9535    0.5446   0.02355   0.01131         0
    90/299    0.856G   0.02712   0.01861         0   0.04573         7       640    0.8967    0.9125     0.945    0.5418   0.02377   0.01115         0
    91/299    0.856G   0.02685   0.01887         0   0.04572         1       640    0.9115    0.9025     0.942    0.5401   0.02378   0.01136         0
    92/299    0.856G   0.02735   0.01901         0   0.04636         7       640    0.9038      0.94    0.9513    0.5402   0.02393   0.01108         0
    93/299    0.856G   0.02582   0.01838         0    0.0442         4       640    0.9066    0.9222     0.946    0.5454   0.02352   0.01101         0
    94/299    0.856G   0.02611   0.01851         0   0.04462         2       640    0.9182    0.8975    0.9495    0.5419   0.02426    0.0114         0
    95/299    0.856G   0.02682   0.01898         0   0.04581         3       640    0.8778    0.9225    0.9442    0.5424   0.02332   0.01135         0
    96/299    0.856G    0.0271   0.01952         0   0.04663         8       640    0.9219    0.9149    0.9543    0.5459   0.02351   0.01113         0
    97/299    0.856G   0.02708    0.0193         0   0.04638         4       640    0.9009     0.935    0.9488    0.5419    0.0237   0.01148         0
    98/299    0.856G   0.02673   0.01817         0    0.0449         1       640    0.9081     0.915    0.9455    0.5352   0.02418   0.01126         0
    99/299    0.856G   0.02567   0.01836         0   0.04403         7       640    0.8836    0.9297      0.95    0.5304   0.02401   0.01131         0
   100/299    0.856G   0.02658   0.01923         0    0.0458         2       640    0.9297    0.8925    0.9498    0.5385    0.0235   0.01095         0
   101/299    0.856G   0.02533   0.01858         0   0.04392         0       640    0.8738    0.9525    0.9533    0.5479   0.02323    0.0108         0
   102/299    0.856G   0.02656   0.01872         0   0.04528         6       640    0.9047    0.9275    0.9496    0.5424   0.02341   0.01126         0
   103/299    0.856G   0.02596    0.0178         0   0.04377         4       640    0.9105    0.9175    0.9521    0.5493   0.02324   0.01139         0
   104/299    0.856G   0.02543   0.01816         0   0.04359         6       640    0.8893    0.9075    0.9474    0.5557   0.02323   0.01111         0
   105/299    0.856G   0.02593   0.01867         0    0.0446         9       640    0.8804      0.94    0.9504    0.5431   0.02339   0.01096         0
   106/299    0.856G   0.02599   0.01874         0   0.04473         4       640    0.9055     0.935    0.9557    0.5404   0.02321    0.0112         0
   107/299    0.856G   0.02589    0.0183         0   0.04419         2       640    0.9053     0.935    0.9487    0.5421   0.02356   0.01128         0
   108/299    0.856G   0.02574   0.01831         0   0.04405         5       640    0.9231     0.915    0.9492    0.5469   0.02326   0.01128         0
   109/299    0.856G   0.02631   0.01853         0   0.04484         3       640    0.9031    0.9324    0.9451    0.5425   0.02383   0.01122         0
   110/299    0.856G   0.02613    0.0184         0   0.04452         4       640    0.8963      0.93    0.9463    0.5314   0.02402   0.01146         0
   111/299    0.856G   0.02547   0.01789         0   0.04336         6       640    0.8505    0.9099    0.9279    0.5288   0.02353   0.01155         0
   112/299    0.856G   0.02625   0.01845         0   0.04471         1       640    0.9136     0.925    0.9515    0.5496   0.02334   0.01136         0
   113/299    0.856G   0.02501   0.01783         0   0.04284         6       640    0.8897    0.9273    0.9513    0.5457   0.02376   0.01112         0
   114/299    0.856G   0.02477   0.01789         0   0.04266         0       640    0.8502    0.9225    0.9033     0.518   0.02373   0.01164         0
   115/299    0.856G    0.0255   0.01827         0   0.04377         5       640    0.8985    0.9297    0.9485    0.5433   0.02348    0.0114         0
   116/299    0.856G    0.0254   0.01778         0   0.04318         1       640    0.8953      0.92    0.9497    0.5465   0.02354   0.01128         0
   117/299    0.856G   0.02523   0.01836         0    0.0436         7       640     0.924     0.915    0.9448    0.5421     0.024   0.01151         0
   118/299    0.856G   0.02591   0.01852         0   0.04443        11       640     0.903    0.9313    0.9525    0.5353   0.02446   0.01105         0
   119/299    0.856G   0.02555   0.01769         0   0.04324         1       640    0.9143    0.9075    0.9447     0.533   0.02444   0.01116         0
   120/299    0.856G    0.0247   0.01813         0   0.04283         5       640    0.9131    0.9198    0.9574    0.5405   0.02449   0.01097         0
   121/299    0.856G   0.02547   0.01804         0   0.04351         5       640    0.8868      0.96    0.9627    0.5405   0.02406   0.01089         0
   122/299    0.856G   0.02491   0.01747         0   0.04238         1       640    0.9036    0.9375    0.9574    0.5465   0.02352   0.01087         0
   123/299    0.856G   0.02538   0.01898         0   0.04436         3       640    0.9058     0.915    0.9561     0.547   0.02367   0.01097         0
   124/299    0.856G   0.02466   0.01698         0   0.04165         5       640    0.9056    0.9375    0.9614    0.5481   0.02397   0.01107         0
   125/299    0.856G   0.02503   0.01785         0   0.04288         7       640    0.9078     0.915     0.951    0.5452   0.02403   0.01151         0
   126/299    0.856G   0.02459   0.01742         0   0.04201         1       640    0.9233    0.9324    0.9569    0.5501   0.02324   0.01118         0
   127/299    0.856G   0.02497   0.01808         0   0.04306         2       640    0.9264    0.9124    0.9546    0.5509   0.02328   0.01117         0
   128/299    0.856G     0.025   0.01723         0   0.04223         4       640    0.9326    0.9075    0.9441    0.5372   0.02401    0.0116         0
   129/299    0.856G   0.02561   0.01808         0   0.04369        12       640    0.9084     0.905     0.945    0.5442   0.02414   0.01127         0
   130/299    0.856G   0.02507   0.01796         0   0.04304         4       640    0.9134    0.9223    0.9577    0.5518   0.02387   0.01092         0
   131/299    0.856G   0.02507   0.01808         0   0.04315         3       640     0.916     0.927    0.9575    0.5329   0.02393    0.0111         0
   132/299    0.856G    0.0247   0.01792         0   0.04262        11       640    0.9165    0.9325     0.952    0.5364   0.02329   0.01127         0
   133/299    0.856G   0.02482    0.0179         0   0.04272         4       640    0.9217    0.9125    0.9547    0.5456   0.02362   0.01124         0
   134/299    0.856G   0.02452    0.0183         0   0.04282         5       640    0.9106      0.92    0.9456    0.5527    0.0235   0.01151         0
   135/299    0.856G   0.02444   0.01781         0   0.04225         7       640    0.8971    0.9374    0.9573    0.5431   0.02334   0.01105         0
   136/299    0.856G   0.02535   0.01743         0   0.04277         3       640    0.9046    0.9245    0.9546    0.5491   0.02326   0.01113         0
   137/299    0.856G   0.02489   0.01779         0   0.04269         4       640      0.91    0.9099    0.9468    0.5442   0.02323   0.01113         0
   138/299    0.856G   0.02443   0.01756         0   0.04199         3       640     0.909     0.925    0.9509    0.5445   0.02321   0.01132         0
   139/299    0.856G   0.02446   0.01722         0   0.04168         5       640    0.8965     0.935    0.9548    0.5481   0.02368   0.01114         0
   140/299    0.856G   0.02394   0.01771         0   0.04165         1       640    0.9284    0.9125     0.955    0.5559   0.02337   0.01097         0
   141/299    0.856G   0.02481   0.01813         0   0.04294         2       640    0.9178    0.9225    0.9565     0.553   0.02324   0.01118         0
   142/299    0.856G   0.02428   0.01793         0   0.04221         2       640     0.905      0.93    0.9447    0.5397    0.0235   0.01152         0
   143/299    0.856G   0.02436    0.0179         0   0.04226         8       640    0.9305     0.915    0.9474    0.5478   0.02315   0.01154         0
   144/299    0.856G   0.02416   0.01723         0   0.04139         5       640    0.9264    0.9123    0.9574     0.552   0.02336   0.01131         0
   145/299    0.856G   0.02466   0.01756         0   0.04221         2       640    0.9202    0.9224    0.9622    0.5472   0.02368   0.01111         0
   146/299    0.856G   0.02375   0.01753         0   0.04128         7       640    0.9196    0.9147    0.9542    0.5404   0.02335    0.0114         0
   147/299    0.856G   0.02442   0.01734         0   0.04175         1       640    0.9067     0.925    0.9522    0.5514   0.02315   0.01161         0
   148/299    0.856G   0.02377   0.01705         0   0.04082         3       640    0.8983    0.9275     0.954    0.5541    0.0232   0.01137         0
   149/299    0.856G   0.02361   0.01747         0   0.04108         4       640     0.899     0.935    0.9512    0.5439   0.02394   0.01104         0
   150/299    0.856G   0.02446   0.01759         0   0.04205         9       640    0.9154    0.9199    0.9543    0.5532   0.02315   0.01107         0
   151/299    0.856G   0.02453   0.01753         0   0.04206         2       640    0.9139      0.93    0.9521    0.5562   0.02312   0.01137         0
   152/299    0.856G   0.02403   0.01771         0   0.04174         1       640    0.9196    0.9149    0.9557    0.5544   0.02332   0.01122         0
   153/299    0.856G   0.02406   0.01766         0   0.04172         7       640    0.8879    0.9525    0.9589    0.5637   0.02322   0.01104         0
   154/299    0.856G   0.02357    0.0169         0   0.04046         0       640    0.9183    0.9275    0.9485    0.5621   0.02331   0.01139         0
   155/299    0.856G   0.02356   0.01699         0   0.04055         1       640    0.9205    0.9275    0.9604    0.5592   0.02316   0.01104         0
   156/299    0.858G   0.02386   0.01759         0   0.04145         2       640    0.9278       0.9    0.9477    0.5546   0.02325    0.0113         0
   157/299    0.858G   0.02415   0.01777         0   0.04192         4       640    0.9365    0.8875    0.9406     0.549    0.0233   0.01153         0
   158/299    0.858G   0.02476   0.01798         0   0.04274         2       640    0.9052    0.9075    0.9559    0.5513   0.02352   0.01144         0
   159/299    0.858G   0.02404   0.01776         0   0.04179         4       640    0.9044    0.9222    0.9566    0.5579   0.02298    0.0111         0
   160/299    0.858G   0.02386   0.01632         0   0.04018         4       640    0.9223    0.9199    0.9513    0.5479    0.0232   0.01121         0
   161/299    0.858G    0.0236   0.01708         0   0.04067         4       640    0.9295    0.9224    0.9579    0.5544   0.02318   0.01106         0
   162/299    0.858G   0.02339   0.01762         0   0.04101         1       640    0.9209     0.935     0.957    0.5712    0.0228   0.01103         0
   163/299    0.858G   0.02378   0.01732         0    0.0411         2       640    0.9247    0.9225    0.9572    0.5469   0.02344   0.01138         0
   164/299    0.858G    0.0237   0.01774         0   0.04144         1       640    0.9072      0.93    0.9516    0.5457   0.02368   0.01123         0
   165/299    0.858G   0.02359   0.01707         0   0.04066         3       640    0.8966    0.9325    0.9571    0.5627   0.02328   0.01101         0
   166/299    0.858G   0.02373    0.0175         0   0.04122         3       640    0.9166     0.935      0.96    0.5598   0.02301   0.01095         0
   167/299    0.858G   0.02405   0.01738         0   0.04143         1       640    0.9022     0.925    0.9551      0.56    0.0228    0.0111         0
   168/299    0.858G   0.02325   0.01733         0   0.04058         3       640    0.8957     0.945    0.9572    0.5604   0.02257   0.01118         0
   169/299    0.858G   0.02366   0.01702         0   0.04068         0       640    0.9231    0.9299     0.954    0.5557   0.02269   0.01121         0
   170/299    0.858G   0.02326   0.01753         0   0.04078         5       640    0.9221    0.9173    0.9602     0.561   0.02295   0.01114         0
   171/299    0.858G   0.02402   0.01744         0   0.04146         2       640    0.9321    0.8925    0.9589     0.568   0.02283   0.01131         0
   172/299    0.858G   0.02331   0.01738         0   0.04069         6       640    0.9232     0.905    0.9547    0.5656   0.02269   0.01164         0
   173/299    0.858G   0.02373    0.0175         0   0.04123         3       640    0.9276    0.8975    0.9518    0.5637   0.02311   0.01142         0
   174/299    0.858G   0.02387   0.01725         0   0.04112         4       640    0.9053    0.9325    0.9493    0.5595    0.0232   0.01148         0
   175/299    0.858G    0.0238   0.01669         0   0.04049         2       640    0.9243    0.9175    0.9482    0.5667   0.02302   0.01138         0
   176/299    0.858G    0.0239   0.01754         0   0.04144         4       640    0.9346       0.9    0.9456    0.5535   0.02315    0.0116         0
   177/299    0.858G   0.02305   0.01655         0    0.0396         3       640    0.9328    0.9023    0.9476    0.5562   0.02297    0.0115         0
   178/299    0.858G   0.02297    0.0168         0   0.03977         3       640    0.9196     0.915    0.9508    0.5628   0.02281    0.0114         0
   179/299    0.858G   0.02344   0.01694         0   0.04039         3       640    0.9268    0.9174    0.9467    0.5584   0.02318   0.01155         0
   180/299    0.858G   0.02326   0.01701         0   0.04027         5       640    0.9237      0.91    0.9488    0.5586   0.02246   0.01139         0
   181/299    0.858G   0.02376   0.01739         0   0.04115         1       640    0.8972    0.9275    0.9525     0.564   0.02271   0.01125         0
   182/299    0.858G   0.02258   0.01613         0   0.03871        10       640     0.919    0.9073    0.9508      0.56   0.02296   0.01131         0
   183/299    0.858G    0.0232   0.01687         0   0.04007         3       640    0.8721    0.9549    0.9614    0.5655   0.02307   0.01094         0
   184/299    0.858G   0.02398   0.01801         0   0.04199        12       640    0.9176    0.9225     0.958    0.5547   0.02334   0.01095         0
   185/299    0.858G   0.02365   0.01721         0   0.04085         5       640    0.9005    0.9274    0.9474    0.5611   0.02273   0.01138         0
   186/299    0.858G   0.02321   0.01695         0   0.04015         3       640    0.9258     0.905    0.9484    0.5516   0.02347    0.0115         0
   187/299    0.858G   0.02364   0.01655         0   0.04019         1       640    0.9156    0.9223    0.9501    0.5509   0.02304   0.01128         0
   188/299    0.858G   0.02331    0.0174         0   0.04071         6       640    0.9156    0.9223    0.9535    0.5578   0.02345   0.01138         0
   189/299    0.858G   0.02294   0.01734         0   0.04029         4       640    0.9266    0.9149    0.9576    0.5596   0.02335   0.01143         0
   190/299    0.858G   0.02347   0.01708         0   0.04055         0       640    0.9029      0.93    0.9599    0.5596   0.02326   0.01121         0
   191/299    0.858G   0.02317   0.01665         0   0.03982         5       640    0.9065    0.9225    0.9596    0.5559   0.02351   0.01135         0
   192/299    0.858G   0.02294   0.01663         0   0.03957         2       640    0.9302       0.9    0.9616    0.5625   0.02326   0.01108         0
   193/299    0.858G   0.02258   0.01705         0   0.03963        11       640    0.9234     0.905    0.9618    0.5681   0.02284    0.0112         0
   194/299    0.858G   0.02295   0.01663         0   0.03957         4       640    0.9117      0.93    0.9588    0.5614     0.023   0.01125         0
   195/299    0.858G   0.02324   0.01714         0   0.04039         8       640    0.9186    0.9325    0.9553    0.5584   0.02296    0.0114         0
   196/299    0.858G   0.02278   0.01755         0   0.04033         5       640    0.8997    0.9425    0.9566    0.5646   0.02279   0.01116         0
   197/299    0.858G   0.02342   0.01749         0    0.0409         3       640    0.9073      0.93    0.9593    0.5614   0.02309   0.01106         0
   198/299    0.858G   0.02286   0.01678         0   0.03964         3       640    0.9091    0.9249     0.951    0.5551   0.02298   0.01155         0
   199/299    0.858G   0.02237   0.01684         0    0.0392         6       640     0.916    0.9274    0.9539    0.5535   0.02308   0.01157         0
   200/299    0.858G   0.02269   0.01629         0   0.03898         4       640     0.924    0.9125    0.9472    0.5541   0.02301   0.01147         0
   201/299    0.858G   0.02281   0.01691         0   0.03972         1       640    0.9127     0.915    0.9562    0.5566   0.02305   0.01147         0
   202/299    0.858G   0.02278   0.01596         0   0.03874         3       640    0.9039    0.9175    0.9625    0.5632   0.02295   0.01129         0
   203/299    0.858G   0.02301   0.01662         0   0.03963         3       640    0.9262    0.9098    0.9613    0.5677   0.02282   0.01118         0
   204/299    0.858G   0.02237   0.01639         0   0.03876         8       640    0.9171    0.9121     0.963    0.5715    0.0227   0.01098         0
   205/299    0.858G   0.02286   0.01657         0   0.03943         3       640    0.9091     0.925    0.9599    0.5667   0.02259    0.0113         0
   206/299    0.858G   0.02291   0.01701         0   0.03993         7       640    0.9301       0.9     0.958    0.5612   0.02291    0.0113         0
   207/299    0.858G   0.02286   0.01704         0    0.0399         3       640    0.9069    0.9249    0.9578    0.5659   0.02276   0.01118         0
   208/299    0.858G   0.02259   0.01667         0   0.03926         4       640    0.9125    0.9124    0.9504    0.5596   0.02328   0.01163         0
   209/299    0.858G   0.02241   0.01633         0   0.03874         0       640    0.9175    0.9173    0.9541    0.5612   0.02314   0.01142         0
   210/299    0.858G   0.02258   0.01611         0   0.03869         4       640    0.9024     0.925    0.9514    0.5623   0.02291   0.01134         0
   211/299    0.858G   0.02215   0.01624         0   0.03839         2       640    0.9318    0.9225    0.9556    0.5567   0.02299   0.01148         0
   212/299    0.858G   0.02303    0.0171         0   0.04013         1       640    0.9029      0.93    0.9459    0.5545    0.0229    0.0115         0
   213/299    0.858G   0.02272   0.01637         0   0.03909         3       640    0.9173     0.915    0.9536    0.5509   0.02289   0.01152         0
   214/299    0.858G   0.02223   0.01613         0   0.03835         5       640    0.9112     0.925    0.9543    0.5574     0.023   0.01148         0
   215/299    0.858G    0.0222   0.01687         0   0.03907         5       640    0.9029      0.93    0.9551    0.5583   0.02253   0.01133         0
   216/299    0.858G   0.02306    0.0169         0   0.03997        10       640    0.9117     0.905    0.9552    0.5655   0.02267   0.01142         0
   217/299    0.858G   0.02259   0.01653         0   0.03913         5       640    0.9064    0.9199     0.955    0.5537   0.02304   0.01154         0
   218/299    0.858G    0.0219   0.01626         0   0.03816         6       640    0.9372    0.8949    0.9615    0.5643   0.02292   0.01113         0
   219/299    0.858G   0.02248   0.01608         0   0.03855         5       640    0.9091    0.9248    0.9567    0.5643   0.02292   0.01142         0
   220/299    0.858G   0.02262   0.01661         0   0.03924         4       640    0.9196     0.915    0.9545    0.5652   0.02272   0.01143         0
   221/299    0.858G   0.02316   0.01693         0   0.04009         9       640    0.9231    0.9075    0.9529    0.5585   0.02282   0.01166         0
   222/299    0.858G   0.02196   0.01626         0   0.03823         9       640    0.9299    0.8949    0.9583    0.5634   0.02283   0.01141         0
   223/299    0.858G    0.0227   0.01637         0   0.03908        11       640    0.8981    0.9249    0.9572    0.5695   0.02273   0.01131         0
   224/299    0.858G   0.02169   0.01609         0   0.03778         6       640    0.9147    0.9125    0.9577    0.5668   0.02286   0.01122         0
   225/299    0.858G   0.02291   0.01705         0   0.03997        10       640     0.922    0.9175    0.9574    0.5721   0.02299   0.01142         0
   226/299    0.858G   0.02247   0.01664         0   0.03911         0       640    0.9262    0.9097    0.9592    0.5719   0.02276   0.01129         0
   227/299    0.858G    0.0228    0.0166         0    0.0394         3       640    0.9366      0.89    0.9642    0.5715   0.02247   0.01114         0
   228/299    0.858G   0.02192   0.01626         0   0.03818         9       640    0.8951    0.9173    0.9594    0.5715   0.02236   0.01108         0
   229/299    0.858G   0.02245   0.01648         0   0.03893         1       640    0.9129    0.9175    0.9626     0.577   0.02224   0.01104         0
   230/299    0.858G   0.02203   0.01648         0   0.03851         3       640    0.9286    0.9098    0.9615    0.5679   0.02247   0.01126         0
   231/299    0.858G   0.02188   0.01669         0   0.03857         0       640    0.9264    0.9125    0.9532    0.5692   0.02246   0.01164         0
   232/299    0.858G   0.02224   0.01606         0    0.0383         2       640    0.9194    0.9122    0.9512    0.5633   0.02245   0.01183         0
   233/299    0.858G   0.02239   0.01694         0   0.03933         1       640    0.9107    0.9174    0.9505    0.5687   0.02258   0.01161         0
   234/299    0.858G   0.02144   0.01681         0   0.03825         2       640    0.9126    0.9175     0.959    0.5714   0.02277   0.01118         0
   235/299    0.858G    0.0217   0.01632         0   0.03801         4       640    0.9372     0.895     0.958    0.5675   0.02283   0.01151         0
   236/299    0.858G   0.02197   0.01629         0   0.03826         8       640     0.908     0.915    0.9537    0.5653   0.02284    0.0117         0
   237/299    0.858G   0.02196   0.01624         0    0.0382         5       640    0.9143    0.9075    0.9542    0.5669   0.02295   0.01153         0
   238/299    0.858G   0.02237   0.01723         0   0.03959         8       640    0.9205    0.8975    0.9544    0.5631   0.02287   0.01138         0
   239/299    0.858G   0.02157   0.01556         0   0.03713         1       640    0.9127     0.915    0.9569    0.5667   0.02279   0.01138         0
   240/299    0.858G   0.02171   0.01653         0   0.03824         1       640    0.9275    0.8949    0.9559    0.5706   0.02267   0.01139         0
   241/299    0.858G   0.02203   0.01677         0    0.0388         6       640    0.9198    0.9175    0.9557    0.5624   0.02281    0.0115         0
   242/299    0.858G   0.02204   0.01624         0   0.03827         3       640    0.9443    0.8899    0.9623    0.5632   0.02292   0.01138         0
   243/299    0.858G   0.02202   0.01658         0   0.03859         3       640    0.9064    0.9197    0.9592    0.5642   0.02274   0.01135         0
   244/299    0.858G   0.02171   0.01693         0   0.03864         2       640    0.9325       0.9    0.9583    0.5632   0.02269   0.01153         0
   245/299    0.858G   0.02183    0.0161         0   0.03793         3       640    0.9064    0.9225    0.9576    0.5658   0.02273   0.01148         0
   246/299    0.858G   0.02209   0.01661         0    0.0387        10       640    0.9258     0.905    0.9596     0.563   0.02267   0.01149         0
   247/299    0.858G   0.02166   0.01596         0   0.03762         2       640    0.9256    0.9025     0.962    0.5683   0.02253   0.01135         0
   248/299    0.858G   0.02235   0.01612         0   0.03847         4       640    0.8964      0.93    0.9627    0.5658   0.02246   0.01144         0
   249/299    0.858G    0.0219   0.01646         0   0.03836         1       640    0.9238    0.9095    0.9616     0.566   0.02257   0.01151         0
   250/299    0.858G   0.02209   0.01617         0   0.03826         6       640    0.9366      0.89    0.9584     0.564   0.02275   0.01174         0
   251/299    0.858G   0.02249   0.01661         0    0.0391         3       640    0.9266    0.9148    0.9617    0.5657   0.02265   0.01137         0
   252/299    0.858G   0.02192   0.01624         0   0.03817         5       640     0.927    0.9225    0.9581    0.5621   0.02271   0.01142         0
   253/299    0.858G   0.02135   0.01559         0   0.03694         4       640    0.9156    0.9225    0.9595    0.5652   0.02259   0.01137         0
   254/299    0.858G   0.02133   0.01616         0   0.03749         3       640     0.926    0.9074    0.9611    0.5676    0.0227   0.01126         0
   255/299    0.858G   0.02186   0.01601         0   0.03786         6       640    0.8947     0.935    0.9635    0.5693   0.02256   0.01122         0
   256/299    0.858G   0.02146   0.01626         0   0.03771         4       640    0.9299     0.895    0.9627    0.5675   0.02296   0.01148         0
   257/299    0.858G   0.02186   0.01596         0   0.03782         1       640    0.8971    0.9375    0.9602    0.5645   0.02268   0.01139         0
   258/299    0.858G   0.02167   0.01607         0   0.03775         6       640    0.9145      0.91    0.9549    0.5611   0.02284   0.01151         0
   259/299    0.858G   0.02131   0.01604         0   0.03735         4       640    0.9202    0.9225    0.9597      0.56   0.02296   0.01144         0
   260/299    0.858G   0.02132   0.01621         0   0.03753         5       640    0.9131    0.9199    0.9549    0.5646   0.02264    0.0114         0
   261/299    0.858G   0.02152   0.01644         0   0.03796         2       640    0.9268    0.9173    0.9599    0.5697    0.0226   0.01133         0
   262/299    0.858G   0.02187   0.01642         0    0.0383         1       640    0.9254      0.93    0.9555    0.5637   0.02276   0.01152         0
   263/299    0.858G   0.02189   0.01619         0   0.03809        10       640    0.9244    0.9174    0.9567    0.5644   0.02269   0.01164         0
   264/299    0.858G   0.02157   0.01602         0   0.03759         3       640    0.9289     0.915    0.9574    0.5633   0.02267   0.01163         0
   265/299    0.858G   0.02181   0.01632         0   0.03813         2       640    0.9381      0.91    0.9593    0.5698   0.02258   0.01168         0
   266/299    0.858G   0.02087   0.01565         0   0.03653         6       640    0.9353     0.905    0.9567    0.5686   0.02261   0.01156         0
   267/299    0.858G   0.02146   0.01552         0   0.03698         3       640    0.9284      0.91    0.9564    0.5637   0.02275   0.01143         0
   268/299    0.858G   0.02114   0.01569         0   0.03683         5       640    0.9156    0.9225    0.9613    0.5696   0.02267   0.01149         0
   269/299    0.858G   0.02076   0.01576         0   0.03652         3       640    0.9197    0.9175    0.9588    0.5692   0.02275    0.0115         0
   270/299    0.858G    0.0218   0.01669         0    0.0385         3       640    0.9204    0.9249    0.9594     0.562   0.02267   0.01172         0
   271/299    0.858G   0.02159   0.01569         0   0.03728         3       640    0.9326    0.8999    0.9503    0.5658   0.02259   0.01171         0
   272/299    0.858G   0.02098   0.01577         0   0.03675         4       640    0.9368    0.8899    0.9547     0.562   0.02272   0.01179         0
   273/299    0.858G    0.0211   0.01556         0   0.03666         3       640    0.9024     0.925    0.9595    0.5629   0.02276   0.01166         0
   274/299    0.858G   0.02133   0.01534         0   0.03668         9       640    0.9101    0.9375    0.9593    0.5718   0.02259   0.01161         0
   275/299    0.858G   0.02164    0.0162         0   0.03784         2       640    0.9022    0.9225    0.9627    0.5671   0.02258   0.01155         0
   276/299    0.858G   0.02103   0.01581         0   0.03684         3       640    0.9444    0.8924    0.9631     0.574   0.02257   0.01151         0
   277/299    0.858G    0.0215   0.01601         0   0.03751         3       640    0.9182    0.9275    0.9577    0.5686   0.02253   0.01139         0
   278/299    0.858G   0.02129   0.01531         0    0.0366         3       640    0.9094      0.93    0.9594    0.5673   0.02251   0.01154         0
   279/299    0.858G   0.02211   0.01661         0   0.03872         8       640    0.9162      0.93    0.9585    0.5649   0.02258   0.01161         0
   280/299    0.858G    0.0212   0.01616         0   0.03736         5       640    0.9202    0.9225    0.9569    0.5663    0.0228   0.01166         0
   281/299    0.858G   0.02154   0.01585         0   0.03738         8       640    0.9138    0.9275    0.9539    0.5689    0.0225   0.01148         0
   282/299    0.858G   0.02123   0.01586         0   0.03709         3       640    0.9376     0.905    0.9571    0.5682   0.02285   0.01169         0
   283/299    0.858G   0.02066   0.01568         0   0.03634         8       640    0.9156    0.9223    0.9571    0.5662   0.02292    0.0117         0
   284/299    0.858G    0.0209   0.01574         0   0.03665         3       640    0.9333    0.9099    0.9536     0.566    0.0228   0.01188         0
   285/299    0.858G   0.02149   0.01591         0    0.0374         7       640    0.9244      0.92    0.9515    0.5663   0.02276   0.01188         0
   286/299    0.858G   0.02113   0.01596         0   0.03709         5       640    0.9165    0.9324    0.9536      0.57   0.02271   0.01172         0
   287/299    0.858G   0.02137   0.01592         0    0.0373         3       640    0.9119    0.9325    0.9564    0.5631   0.02291   0.01165         0
   288/299    0.858G    0.0206   0.01532         0   0.03591         5       640    0.9133    0.9222    0.9575    0.5669    0.0228   0.01166         0
   289/299    0.858G   0.02094   0.01537         0   0.03631         4       640    0.9393    0.9025    0.9566    0.5692   0.02285   0.01157         0
   290/299    0.858G    0.0211   0.01605         0   0.03715         4       640     0.925    0.9248    0.9575    0.5725   0.02276   0.01176         0
   291/299    0.858G   0.02129   0.01601         0    0.0373         4       640    0.9183    0.9275    0.9562     0.572   0.02265   0.01174         0
   292/299    0.858G   0.02098   0.01592         0    0.0369         7       640    0.9152    0.9174     0.955    0.5675   0.02261   0.01186         0
   293/299    0.858G   0.02125     0.016         0   0.03725         1       640    0.9156    0.9224    0.9515    0.5704    0.0228   0.01187         0
   294/299    0.858G   0.02126   0.01596         0   0.03722         3       640    0.9002    0.9249    0.9508    0.5645   0.02307   0.01189         0
   295/299    0.858G    0.0214   0.01615         0   0.03755         1       640      0.93    0.8971    0.9533     0.569   0.02277   0.01188         0
   296/299    0.858G   0.02105   0.01603         0   0.03708         5       640    0.9612    0.8674      0.95    0.5647    0.0228   0.01203         0
   297/299    0.858G   0.02144    0.0158         0   0.03724         4       640    0.9027    0.9273    0.9539    0.5673   0.02285   0.01198         0
   298/299    0.858G   0.02119    0.0156         0   0.03679         5       640    0.9197    0.9175    0.9542    0.5646   0.02297   0.01179         0
   299/299    0.858G   0.02196   0.01592         0   0.03787         3       640    0.9401     0.905    0.9537    0.5607   0.02285   0.01172         0
